1 9 
1 46 
1 61 
1 93 
1 112 
1 142 
1 169 
1 224 
1 247 
1 259 
1 265 
1 277 
1 279 
1 311 
1 330 
1 338 
1 355 
1 382 
1 392 
1 420 
1 445 
1 456 
1 502 
1 504 
1 518 
1 541 
1 553 
1 556 
1 593 
1 604 
1 654 
1 662 
1 664 
1 691 
1 706 
1 786 
1 796 
1 828 
1 832 
1 854 
1 862 
1 867 
1 878 
1 884 
1 894 
1 916 
1 933 
1 966 
1 994 
1 997 
1 1009 
1 1101 
1 1107 
1 1113 
1 1116 
1 1167 
1 1186 
1 1201 
1 1260 
1 1290 
1 1291 
1 1294 
1 1308 
1 1335 
1 1356 
1 1359 
1 1362 
1 1385 
1 1388 
1 1408 
1 1434 
1 1437 
1 1440 
1 1443 
1 1479 
1 1539 
1 1555 
1 1556 
1 1560 
1 1564 
1 1602 
1 1627 
1 1664 
1 1675 
1 1723 
1 1731 
1 1763 
1 1773 
1 1794 
1 1825 
1 1842 
1 1844 
1 1846 
1 1890 
1 1929 
1 1939 
1 1962 
1 2001 
1 2013 
1 2022 
1 2030 
1 2035 
1 2038 
1 2058 
1 2067 
1 2125 
1 2151 
1 2156 
1 2229 
1 2239 
1 2261 
1 2264 
1 2338 
1 2359 
1 2416 
1 2450 
1 2495 
1 2543 
1 2565 
1 2649 
1 2654 
1 2691 
1 2723 
1 2738 
1 2742 
1 2760 
1 2790 
1 2868 
1 2880 
1 2929 
1 2957 
1 2975 
1 2986 
1 3004 
1 3044 
1 3086 
1 3094 
1 3143 
1 3202 
1 3217 
1 3227 
1 3259 
1 3310 
1 3343 
1 3432 
1 3434 
1 3438 
1 3445 
1 3456 
1 3476 
1 3482 
1 3500 
1 3527 
1 3532 
1 3557 
1 3619 
1 3629 
1 3634 
1 3646 
1 3647 
1 3659 
1 3685 
1 3690 
1 3692 
1 3723 
1 3757 
1 3760 
1 3782 
1 3807 
1 3813 
1 3833 
1 3838 
1 3924 
1 3956 
1 3971 
1 4024 
1 4054 
1 4067 
1 4093 
1 4108 
1 4134 
1 4139 
1 4144 
1 4164 
1 4166 
1 4217 
1 4227 
1 4244 
1 4247 
1 4248 
1 4251 
1 4257 
1 4260 
1 4261 
1 4270 
1 4272 
1 4275 
1 4277 
1 4303 
1 4406 
1 4487 
1 4490 
1 4491 
1 4496 
1 4561 
1 4583 
1 4590 
1 4645 
1 4663 
1 4680 
1 4691 
